0 0.15859374999999998 0.43437499999999996 0.017187499999999994 0.01874999999999999
0 0.17890625 0.44479166 0.014062500000000006 0.01458332000000001
0 0.24609375 0.44375000000000003 0.029687499999999978 0.03750000000000003
0 0.2671875 0.42604167000000004 0.015625 0.01458334
0 0.290625 0.41874999999999996 0.015625 0.012500000000000011
0 0.30937499999999996 0.48124999999999996 0.012500000000000011 0.020833339999999978
0 0.3515625 0.4364583349999999 0.06562500000000004 0.047916669999999995
0 0.3984375 0.42500000000000004 0.018750000000000044 0.01666667999999999
0 0.4078125 0.45625000000000004 0.015625 0.012500000000000011
0 0.65859375 0.43125000499999994 0.48281250000000003 0.045833349999999995
0 0.49453125 0.49374999999999997 0.010937499999999989 0.024999999999999967
0 0.5531250000000001 0.48020832999999996 0.009375000000000022 0.01458334
0 0.63125 0.49791669 0.012499999999999956 0.025000019999999956
0 0.7578125 0.46770833 0.012499999999999956 0.022916660000000033
0 0.884375 0.464583325 0.012499999999999956 0.025000010000000017
0 0.93984375 0.42604166500000007 0.010937500000000044 0.018750009999999984
