0 0.125 0.6816817 0.10999999999999999 0.1381382000000001
0 0.19 0.5960961 0.10799999999999998 0.15915919999999995
0 0.33399999999999996 0.6921922 0.08400000000000002 0.17117119999999997
0 0.40900000000000003 0.44294295 0.08600000000000002 0.10510509999999995
0 0.42300000000000004 0.6936936999999999 0.08200000000000002 0.1381382
0 0.46599999999999997 0.6246246 0.04799999999999999 0.2102102
0 0.54 0.6171171 0.09999999999999998 0.23723719999999998
0 0.573 0.5915916 0.11399999999999999 0.16216220000000003
0 0.5700000000000001 0.5825826 0.08399999999999996 0.1381382
0 0.656 0.5810810999999999 0.04800000000000004 0.2012012
0 0.685 0.5870871000000001 0.06999999999999995 0.14114119999999997
0 0.9219999999999999 0.6786787000000001 0.09199999999999997 0.17417420000000006
0 0.966 0.6981982 0.04400000000000004 0.17117120000000008
