0 0.03671875 0.270833335 0.0609375 0.045833330000000005
0 0.071875 0.54062502 0.128125 0.23541668000000002
0 0.25546875 0.21354166500000002 0.08281250000000001 0.08541666999999997
0 0.37421875000000004 0.68125 0.30468750000000006 0.3875
0 0.38515625 0.27708333500000004 0.05781249999999999 0.05833333000000002
0 0.4921875 0.13645833 0.08749999999999997 0.08125000000000002
0 0.57109375 0.5 0.06406250000000002 0.07499999999999996
0 0.67578125 0.6843749999999998 0.0546875 0.03125
0 0.7296875 0.653125 0.04375000000000007 0.03125
0 0.7453125 0.15729167 0.0625 0.08124999999999999
0 0.79375 0.30000001 0.05937500000000007 0.05833334000000001
0 0.8187500000000001 0.731249975 0.04062500000000002 0.05416664999999998
0 0.828125 0.875 0.04062499999999991 0.045833400000000024
0 0.84765625 0.46145832999999997 0.0546875 0.022916659999999978
0 0.91875 0.54479165 0.05312499999999998 0.04791669999999992
0 0.92578125 0.35833333 0.06406249999999991 0.05416666000000003
0 0.91875 0.74166665 0.04062500000000002 0.02916669999999999
0 0.99453125 0.5572916550000001 0.010937500000000044 0.018750009999999984
