0 0.0515625 0.620833325 0.0625 0.03750005000000001
0 0.06718750000000001 0.09895833500000001 0.065625 0.03541667
0 0.06484375 0.6781250000000001 0.04531249999999999 0.05625000000000002
0 0.12578125 0.28125 0.032812499999999994 0.041666679999999956
0 0.2265625 0.6041666499999999 0.04375000000000001 0.05833330000000003
0 0.4859375 0.026041666 0.05624999999999997 0.052083332
0 0.53125 0.18437499999999998 0.043749999999999956 0.027083339999999984
0 0.5289062499999999 0.8979166749999999 0.029687499999999978 0.016666650000000005
0 0.709375 0.130208335 0.08125000000000004 0.02708332999999999
0 0.7421875 0.362499995 0.04062499999999991 0.05416665000000004
0 0.99296875 0.37187499 0.014062499999999978 0.02708334000000001
