0 0.078125 0.6031250199999999 0.043750000000000004 0.03541664
0 0.10859374999999999 0.68333333 0.054687499999999986 0.045833340000000056
0 0.17578125 0.42604165999999993 0.04843750000000002 0.03125
0 0.18359375 0.555208355 0.0546875 0.018750009999999984
0 0.19687500000000002 0.71666668 0.037500000000000006 0.054166640000000044
0 0.23359375 0.390625 0.0640625 0.022916680000000023
0 0.3265625 0.4031250050000001 0.04999999999999999 0.06458333
0 0.390625 0.30624998999999997 0.05625000000000002 0.020833339999999978
0 0.47734374999999996 0.1125 0.07343749999999999 0.024999999999999994
0 0.465625 0.44374999500000006 0.03749999999999998 0.016666650000000005
0 0.49140625000000004 0.80937498 0.03593750000000001 0.047916640000000066
0 0.521875 0.6333333 0.04999999999999999 0.0625
0 0.5726562500000001 0.40416666 0.04531249999999998 0.02916668
0 0.575 0.61979165 0.04999999999999993 0.03541669999999997
0 0.640625 0.6010416500000001 0.046875 0.03541669999999997
0 0.6499999999999999 0.307291665 0.04062500000000002 0.047916669999999995
0 0.66328125 0.18229166500000002 0.0390625 0.03958333
0 0.83984375 0.45104167 0.06093750000000009 0.03125
0 0.8890625 0.09999999999999999 0.078125 0.02500000000000001
0 0.92421875 0.28750000000000003 0.0703125 0.04999999999999999
0 0.96015625 0.501041685 0.07968750000000002 0.018750029999999973
0 0.96640625 0.21875 0.06718749999999996 0.05833334000000001
