0 0.0487465175 0.48829039499999993 0.044568245000000006 0.04918033000000005
0 0.15041783 0.83606557 0.025069640000000004 0.01873533999999999
0 0.28272982 0.905152235 0.03621170000000001 0.049180329999999994
0 0.32103064000000003 0.34660421 0.04317547999999999 0.06557377999999997
0 0.378830075 0.22014051500000004 0.044568249999999976 0.07025761000000003
0 0.39066853 0.367681505 0.034818919999999975 0.06557374999999999
0 0.483983275 0.5948478 0.043175450000000004 0.04683840000000006
0 0.51044568 0.1370023425 0.04038996 0.06791569500000001
0 0.5271588 0.7049179999999999 0.03760439999999998 0.04683840000000006
0 0.8816155999999999 0.41569087 0.038997199999999954 0.039812619999999965
