0 0.01171875 0.3854166700000001 0.0234375 0.03750000000000003
0 0.0328125 0.80104168 0.046875 0.09791664
0 0.09453125000000001 0.74375 0.020312499999999997 0.0625
0 0.140625 0.36145833 0.06874999999999999 0.05624998000000003
0 0.140625 0.56354165 0.05625000000000001 0.06875001999999997
0 0.2640625 0.31354167 0.06562499999999999 0.052083340000000033
0 0.27421875 0.45625 0.04843750000000002 0.03749999999999998
0 0.31875 0.50625002 0.04375000000000001 0.033333360000000034
0 0.46484375 0.38020834000000003 0.042187500000000044 0.022916679999999967
0 0.48359375 0.21875 0.04218749999999993 0.03749999999999998
0 0.578125 0.36041666 0.05312500000000009 0.05833332000000002
0 0.58671875 0.16874999999999998 0.05781249999999993 0.037500000000000006
0 0.653125 0.146875 0.0625 0.035416680000000006
0 0.6828125 0.28645833499999995 0.05312499999999998 0.03541666999999998
0 0.7234375 0.36354167 0.046875 0.06041666000000001
0 0.7445312500000001 0.179166665 0.03281250000000002 0.04166667000000002
0 0.8734375 0.42395833 0.03125 0.05624998000000003
0 0.88046875 0.60729168 0.042187500000000044 0.04374995999999998
0 0.9640625 0.5343749999999999 0.06874999999999998 0.09375000000000006
0 0.96171875 0.38125000000000003 0.06093749999999998 0.03750000000000003
0 0.9875 0.43229165999999997 0.021874999999999978 0.03958332000000003
