0 0.0265486725 0.47455750999999996 0.053097345 0.12610618000000007
0 0.05530973560000001 0.619469 0.09587020880000001 0.12831859999999995
0 0.053097345000000004 0.36836283 0.08259587 0.09070797999999997
0 0.11356932249999999 0.130530973 0.041297934999999994 0.146017694
0 0.161504425 0.32853982000000004 0.10176990999999999 0.13053096000000003
0 0.1600295 0.019911505 0.010324479999999997 0.03982301
0 0.30162242 0.41482301 0.09292036000000004 0.09070798000000002
0 0.31047198 0.271017705 0.09587020000000002 0.09513275
0 0.2920354 0.023230089 0.04424779999999995 0.046460178
0 0.43805309000000003 0.23783186 0.07964602000000004 0.11725664000000002
0 0.46238936500000005 0.098451325 0.08112093000000004 0.12610619
0 0.53318584 0.38053096999999997 0.11356931999999997 0.16814157999999996
0 0.5980825999999999 0.5553097300000001 0.12241888000000001 0.13716814000000005
0 0.770648985 0.59292035 0.07522122999999992 0.15044250000000003
0 0.83333333 0.683628325 0.09734514000000005 0.12389384999999999
0 0.96681415 0.46460177 0.06637170000000003 0.06637169999999998
